 0.00000000e+00  1.80000002e+00  0.00000000e+00 
 1.00000000e-12  1.80033792e+00  1.80000000e-03 
 2.00000000e-12  1.80066510e+00  3.60000000e-03 
 4.00000000e-12  1.80129789e+00  7.20000000e-03 
 8.00000000e-12  1.80244294e+00  1.44000000e-02 
 1.60000000e-11  1.80432813e+00  2.88000000e-02 
 3.20000000e-11  1.80693644e+00  5.76000000e-02 
 6.40000000e-11  1.80963956e+00  1.15200000e-01 
 1.28000000e-10  1.81174735e+00  2.30400000e-01 
 2.28000000e-10  1.81408577e+00  4.10400000e-01 
 3.28000000e-10  1.81532948e+00  5.90400000e-01 
 4.28000000e-10  1.77104357e+00  7.70400000e-01 
 5.28000000e-10  1.48575200e+00  9.50400000e-01 
 6.28000000e-10  7.65155315e-01  1.13040000e+00 
 7.28000000e-10  8.85052428e-02  1.31040000e+00 
 8.28000000e-10 -2.39591395e-02  1.49040000e+00 
 9.28000000e-10  1.65912925e-02  1.67040000e+00 
 1.00000000e-09 -2.79986462e-03  1.80000000e+00 
 1.01000000e-09 -1.53445937e-03  1.80000000e+00 
 1.03000000e-09 -1.47553786e-04  1.80000000e+00 
 1.07000000e-09  3.58676701e-05  1.80000000e+00 
 1.15000000e-09 -1.89671162e-05  1.80000000e+00 
 1.25000000e-09  1.15313168e-05  1.80000000e+00 
 1.35000000e-09 -6.95766651e-06  1.80000000e+00 
 1.45000000e-09  4.26196028e-06  1.80000000e+00 
 1.55000000e-09 -2.52814051e-06  1.80000000e+00 
 1.65000000e-09  1.57289517e-06  1.80000000e+00 
 1.75000000e-09 -9.20395701e-07  1.80000000e+00 
 1.85000000e-09  5.85463950e-07  1.80000000e+00 
 1.95000000e-09 -3.30028975e-07  1.80000000e+00 
 2.05000000e-09  2.22871776e-07  1.80000000e+00 
 2.15000000e-09 -1.13242029e-07  1.80000000e+00 
 2.25000000e-09  8.97245324e-08  1.80000000e+00 
 2.35000000e-09 -3.36358546e-08  1.80000000e+00 
 2.45000000e-09  4.08315295e-08  1.80000000e+00 
 2.55000000e-09 -4.40367349e-09  1.80000000e+00 
 2.65000000e-09  2.28775192e-08  1.80000000e+00 
 2.75000000e-09  6.33068035e-09  1.80000000e+00 
 2.85000000e-09  1.62692135e-08  1.80000000e+00 
 2.95000000e-09  1.02085806e-08  1.80000000e+00 
 3.05000000e-09  1.39331925e-08  1.80000000e+00 
 3.15000000e-09  1.16157864e-08  1.80000000e+00 
 3.25000000e-09  1.30854979e-08  1.80000000e+00 
 3.35000000e-09  1.21264359e-08  1.80000000e+00 
 3.45000000e-09  1.27778813e-08  1.80000000e+00 
 3.55000000e-09  1.23117472e-08  1.80000000e+00 
 3.65000000e-09  1.26662459e-08  1.80000000e+00 
 3.75000000e-09  1.23790007e-08  1.80000000e+00 
 3.85000000e-09  1.26257275e-08  1.80000000e+00 
 3.95000000e-09  1.24034141e-08  1.80000000e+00 
 4.05000000e-09  1.26110158e-08  1.80000000e+00 
 4.15000000e-09  1.24122817e-08  1.80000000e+00 
 4.25000000e-09  1.26056686e-08  1.80000000e+00 
 4.35000000e-09  1.24155083e-08  1.80000000e+00 
 4.45000000e-09  1.26037196e-08  1.80000000e+00 
 4.55000000e-09  1.24166876e-08  1.80000000e+00 
 4.65000000e-09  1.26030037e-08  1.80000000e+00 
 4.75000000e-09  1.24171243e-08  1.80000000e+00 
 4.85000000e-09  1.26027353e-08  1.80000000e+00 
 4.95000000e-09  1.24172914e-08  1.80000000e+00 
 5.05000000e-09  1.26026294e-08  1.80000000e+00 
 5.15000000e-09  1.24173605e-08  1.80000000e+00 
 5.25000000e-09  1.26025823e-08  1.80000000e+00 
 5.35000000e-09  1.24173943e-08  1.80000000e+00 
 5.45000000e-09  1.26025566e-08  1.80000000e+00 
 5.55000000e-09  1.24174151e-08  1.80000000e+00 
 5.65000000e-09  1.26025387e-08  1.80000000e+00 
 5.75000000e-09  1.24174313e-08  1.80000000e+00 
 5.85000000e-09  1.26025235e-08  1.80000000e+00 
 5.95000000e-09  1.24174458e-08  1.80000000e+00 
 6.05000000e-09  1.26025095e-08  1.80000000e+00 
 6.15000000e-09  1.24174595e-08  1.80000000e+00 
 6.25000000e-09  1.26024958e-08  1.80000000e+00 
 6.35000000e-09  1.24174732e-08  1.80000000e+00 
 6.45000000e-09  1.26024822e-08  1.80000000e+00 
 6.55000000e-09  1.24174868e-08  1.80000000e+00 
 6.65000000e-09  1.26024687e-08  1.80000000e+00 
 6.75000000e-09  1.24175003e-08  1.80000000e+00 
 6.85000000e-09  1.26024551e-08  1.80000000e+00 
 6.95000000e-09  1.24175138e-08  1.80000000e+00 
 7.05000000e-09  1.26024417e-08  1.80000000e+00 
 7.15000000e-09  1.24175273e-08  1.80000000e+00 
 7.25000000e-09  1.26024281e-08  1.80000000e+00 
 7.35000000e-09  1.24175408e-08  1.80000000e+00 
 7.45000000e-09  1.26024146e-08  1.80000000e+00 
 7.55000000e-09  1.24175543e-08  1.80000000e+00 
 7.65000000e-09  1.26024011e-08  1.80000000e+00 
 7.75000000e-09  1.24175678e-08  1.80000000e+00 
 7.85000000e-09  1.26023876e-08  1.80000000e+00 
 7.95000000e-09  1.24175814e-08  1.80000000e+00 
 8.05000000e-09  1.26023740e-08  1.80000000e+00 
 8.15000000e-09  1.24175948e-08  1.80000000e+00 
 8.25000000e-09  1.26023607e-08  1.80000000e+00 
 8.35000000e-09  1.24176082e-08  1.80000000e+00 
 8.45000000e-09  1.26023471e-08  1.80000000e+00 
 8.55000000e-09  1.24176217e-08  1.80000000e+00 
 8.65000000e-09  1.26023337e-08  1.80000000e+00 
 8.75000000e-09  1.24176352e-08  1.80000000e+00 
 8.85000000e-09  1.26023202e-08  1.80000000e+00 
 8.95000000e-09  1.24176488e-08  1.80000000e+00 
 9.05000000e-09  1.26023067e-08  1.80000000e+00 
 9.15000000e-09  1.24176622e-08  1.80000000e+00 
 9.25000000e-09  1.26022934e-08  1.80000000e+00 
 9.35000000e-09  1.24176756e-08  1.80000000e+00 
 9.45000000e-09  1.26022797e-08  1.80000000e+00 
 9.55000000e-09  1.24176891e-08  1.80000000e+00 
 9.65000000e-09  1.26022663e-08  1.80000000e+00 
 9.75000000e-09  1.24177027e-08  1.80000000e+00 
 9.85000000e-09  1.26022528e-08  1.80000000e+00 
 9.95000000e-09  1.24177161e-08  1.80000000e+00 
 1.00500000e-08  1.26022393e-08  1.80000000e+00 
 1.01500000e-08  1.24177295e-08  1.80000000e+00 
 1.02500000e-08  1.26022258e-08  1.80000000e+00 
 1.03500000e-08  1.24177430e-08  1.80000000e+00 
 1.04500000e-08  1.26022124e-08  1.80000000e+00 
 1.05500000e-08  1.24177565e-08  1.80000000e+00 
 1.06500000e-08  1.26021990e-08  1.80000000e+00 
 1.07500000e-08  1.24177699e-08  1.80000000e+00 
 1.08500000e-08  1.26021855e-08  1.80000000e+00 
 1.09500000e-08  1.24177833e-08  1.80000000e+00 
 1.10000000e-08  1.26021652e-08  1.80000000e+00 
 1.10100000e-08 -1.28219680e-03  1.78200000e+00 
 1.10300000e-08 -2.71961422e-03  1.74600000e+00 
 1.10700000e-08 -3.03879145e-03  1.67400000e+00 
 1.11500000e-08 -3.29575793e-03  1.53000000e+00 
 1.12500000e-08 -3.99117897e-03  1.35000000e+00 
 1.13500000e-08 -5.89816259e-03  1.17000000e+00 
 1.14500000e-08 -6.97582558e-03  9.90000000e-01 
 1.15500000e-08  3.01640864e-02  8.10000000e-01 
 1.16500000e-08  2.55419840e-01  6.30000000e-01 
 1.17500000e-08  7.87719073e-01  4.50000000e-01 
 1.18500000e-08  1.47394238e+00  2.70000000e-01 
 1.19500000e-08  1.78493060e+00  9.00000000e-02 
 1.20000000e-08  1.78875744e+00  0.00000000e+00 
 1.20100000e-08  1.79153426e+00  0.00000000e+00 
 1.20300000e-08  1.79571658e+00  0.00000000e+00 
 1.20700000e-08  1.79911307e+00  0.00000000e+00 
 1.21500000e-08  1.80012303e+00  0.00000000e+00 
 1.22500000e-08  1.79996807e+00  0.00000000e+00 
 1.23500000e-08  1.80000788e+00  0.00000000e+00 
 1.24500000e-08  1.79999792e+00  0.00000000e+00 
 1.25500000e-08  1.80000047e+00  0.00000000e+00 
 1.26500000e-08  1.79999983e+00  0.00000000e+00 
 1.27500000e-08  1.80000000e+00  0.00000000e+00 
 1.28500000e-08  1.79999996e+00  0.00000000e+00 
 1.29500000e-08  1.79999997e+00  0.00000000e+00 
 1.30500000e-08  1.79999997e+00  0.00000000e+00 
 1.31500000e-08  1.79999997e+00  0.00000000e+00 
 1.32500000e-08  1.79999997e+00  0.00000000e+00 
 1.33500000e-08  1.79999997e+00  0.00000000e+00 
 1.34500000e-08  1.79999997e+00  0.00000000e+00 
 1.35500000e-08  1.79999997e+00  0.00000000e+00 
 1.36500000e-08  1.79999997e+00  0.00000000e+00 
 1.37500000e-08  1.79999997e+00  0.00000000e+00 
 1.38500000e-08  1.79999997e+00  0.00000000e+00 
 1.39500000e-08  1.79999997e+00  0.00000000e+00 
 1.40500000e-08  1.79999997e+00  0.00000000e+00 
 1.41500000e-08  1.79999997e+00  0.00000000e+00 
 1.42500000e-08  1.79999997e+00  0.00000000e+00 
 1.43500000e-08  1.79999997e+00  0.00000000e+00 
 1.44500000e-08  1.79999997e+00  0.00000000e+00 
 1.45500000e-08  1.79999997e+00  0.00000000e+00 
 1.46500000e-08  1.79999997e+00  0.00000000e+00 
 1.47500000e-08  1.79999997e+00  0.00000000e+00 
 1.48500000e-08  1.79999997e+00  0.00000000e+00 
 1.49500000e-08  1.79999997e+00  0.00000000e+00 
 1.50500000e-08  1.79999997e+00  0.00000000e+00 
 1.51500000e-08  1.79999997e+00  0.00000000e+00 
 1.52500000e-08  1.79999997e+00  0.00000000e+00 
 1.53500000e-08  1.79999997e+00  0.00000000e+00 
 1.54500000e-08  1.79999997e+00  0.00000000e+00 
 1.55500000e-08  1.79999997e+00  0.00000000e+00 
 1.56500000e-08  1.79999997e+00  0.00000000e+00 
 1.57500000e-08  1.79999997e+00  0.00000000e+00 
 1.58500000e-08  1.79999997e+00  0.00000000e+00 
 1.59500000e-08  1.79999997e+00  0.00000000e+00 
 1.60500000e-08  1.79999997e+00  0.00000000e+00 
 1.61500000e-08  1.79999997e+00  0.00000000e+00 
 1.62500000e-08  1.79999997e+00  0.00000000e+00 
 1.63500000e-08  1.79999997e+00  0.00000000e+00 
 1.64500000e-08  1.79999997e+00  0.00000000e+00 
 1.65500000e-08  1.79999997e+00  0.00000000e+00 
 1.66500000e-08  1.79999997e+00  0.00000000e+00 
 1.67500000e-08  1.79999997e+00  0.00000000e+00 
 1.68500000e-08  1.79999997e+00  0.00000000e+00 
 1.69500000e-08  1.79999997e+00  0.00000000e+00 
 1.70500000e-08  1.79999997e+00  0.00000000e+00 
 1.71500000e-08  1.79999997e+00  0.00000000e+00 
 1.72500000e-08  1.79999997e+00  0.00000000e+00 
 1.73500000e-08  1.79999997e+00  0.00000000e+00 
 1.74500000e-08  1.79999997e+00  0.00000000e+00 
 1.75500000e-08  1.79999997e+00  0.00000000e+00 
 1.76500000e-08  1.79999997e+00  0.00000000e+00 
 1.77500000e-08  1.79999997e+00  0.00000000e+00 
 1.78500000e-08  1.79999997e+00  0.00000000e+00 
 1.79500000e-08  1.79999997e+00  0.00000000e+00 
 1.80500000e-08  1.79999997e+00  0.00000000e+00 
 1.81500000e-08  1.79999997e+00  0.00000000e+00 
 1.82500000e-08  1.79999997e+00  0.00000000e+00 
 1.83500000e-08  1.79999997e+00  0.00000000e+00 
 1.84500000e-08  1.79999997e+00  0.00000000e+00 
 1.85500000e-08  1.79999997e+00  0.00000000e+00 
 1.86500000e-08  1.79999997e+00  0.00000000e+00 
 1.87500000e-08  1.79999997e+00  0.00000000e+00 
 1.88500000e-08  1.79999997e+00  0.00000000e+00 
 1.89500000e-08  1.79999997e+00  0.00000000e+00 
 1.90500000e-08  1.79999997e+00  0.00000000e+00 
 1.91500000e-08  1.79999997e+00  0.00000000e+00 
 1.92500000e-08  1.79999997e+00  0.00000000e+00 
 1.93500000e-08  1.79999997e+00  0.00000000e+00 
 1.94500000e-08  1.79999997e+00  0.00000000e+00 
 1.95500000e-08  1.79999997e+00  0.00000000e+00 
 1.96500000e-08  1.79999997e+00  0.00000000e+00 
 1.97500000e-08  1.79999997e+00  0.00000000e+00 
 1.98500000e-08  1.79999997e+00  0.00000000e+00 
 1.99500000e-08  1.79999997e+00  0.00000000e+00 
 2.00000000e-08  1.79999997e+00  0.00000000e+00 
 2.00100000e-08  1.80261365e+00  1.80000000e-02 
 2.00300000e-08  1.80656124e+00  5.40000000e-02 
 2.00700000e-08  1.81000408e+00  1.26000000e-01 
 2.01500000e-08  1.81226899e+00  2.70000000e-01 
 2.02500000e-08  1.81471930e+00  4.50000000e-01 
 2.03500000e-08  1.81292531e+00  6.30000000e-01 
 2.04500000e-08  1.74205366e+00  8.10000000e-01 
 2.05500000e-08  1.36966611e+00  9.90000000e-01 
 2.06500000e-08  5.62731834e-01  1.17000000e+00 
 2.07500000e-08  2.25775981e-02  1.35000000e+00 
 2.08500000e-08 -3.85847611e-03  1.53000000e+00 
 2.09500000e-08  6.67819978e-03  1.71000000e+00 
 2.10000000e-08  1.78150012e-03  1.80000000e+00 
 2.10100000e-08  9.86426283e-04  1.80000000e+00 
 2.10300000e-08  1.06093727e-04  1.80000000e+00 
 2.10700000e-08 -2.50546448e-05  1.80000000e+00 
 2.11500000e-08  1.33454589e-05  1.80000000e+00 
 2.12500000e-08 -8.05531820e-06  1.80000000e+00 
 2.13500000e-08  4.90879611e-06  1.80000000e+00 
 2.14500000e-08 -2.93693985e-06  1.80000000e+00 
 2.15500000e-08  1.82387353e-06  1.80000000e+00 
 2.16500000e-08 -1.07035295e-06  1.80000000e+00 
 2.17500000e-08  6.77472984e-07  1.80000000e+00 
 2.18500000e-08 -3.84941312e-07  1.80000000e+00 
 2.19500000e-08  2.56506639e-07  1.80000000e+00 
 2.20500000e-08 -1.33253559e-07  1.80000000e+00 
 2.21500000e-08  1.01923950e-07  1.80000000e+00 
 2.22500000e-08 -4.08315553e-08  1.80000000e+00 
 2.23500000e-08  4.51596687e-08  1.80000000e+00 
 2.24500000e-08 -6.89330319e-09  1.80000000e+00 
 2.25500000e-08  2.43152689e-08  1.80000000e+00 
 2.26500000e-08  5.56914389e-09  1.80000000e+00 
 2.27500000e-08  1.66316831e-08  1.80000000e+00 
 2.28500000e-08  1.00864981e-08  1.80000000e+00 
 2.29500000e-08  1.39104754e-08  1.80000000e+00 
 2.30500000e-08  1.17257221e-08  1.80000000e+00 
 2.31500000e-08  1.29230296e-08  1.80000000e+00 
 2.32500000e-08  1.23205420e-08  1.80000000e+00 
 2.33500000e-08  1.25647243e-08  1.80000000e+00 
 2.34500000e-08  1.25363727e-08  1.80000000e+00 
 2.35500000e-08  1.24347191e-08  1.80000000e+00 
 2.36500000e-08  1.26146773e-08  1.80000000e+00 
 2.37500000e-08  1.23875585e-08  1.80000000e+00 
 2.38500000e-08  1.26430771e-08  1.80000000e+00 
 2.39500000e-08  1.23704603e-08  1.80000000e+00 
 2.40500000e-08  1.26533674e-08  1.80000000e+00 
 2.41500000e-08  1.23642709e-08  1.80000000e+00 
 2.42500000e-08  1.26570864e-08  1.80000000e+00 
 2.43500000e-08  1.23620401e-08  1.80000000e+00 
 2.44500000e-08  1.26584207e-08  1.80000000e+00 
 2.45500000e-08  1.23612457e-08  1.80000000e+00 
 2.46500000e-08  1.26588898e-08  1.80000000e+00 
 2.47500000e-08  1.23609726e-08  1.80000000e+00 
 2.48500000e-08  1.26590449e-08  1.80000000e+00 
 2.49500000e-08  1.23608887e-08  1.80000000e+00 
 2.50500000e-08  1.26590860e-08  1.80000000e+00 
 2.51500000e-08  1.23608734e-08  1.80000000e+00 
 2.52500000e-08  1.26590858e-08  1.80000000e+00 
 2.53500000e-08  1.23608829e-08  1.80000000e+00 
 2.54500000e-08  1.26590705e-08  1.80000000e+00 
 2.55500000e-08  1.23609016e-08  1.80000000e+00 
 2.56500000e-08  1.26590497e-08  1.80000000e+00 
 2.57500000e-08  1.23609235e-08  1.80000000e+00 
 2.58500000e-08  1.26590271e-08  1.80000000e+00 
 2.59500000e-08  1.23609467e-08  1.80000000e+00 
 2.60500000e-08  1.26590038e-08  1.80000000e+00 
 2.61500000e-08  1.23609701e-08  1.80000000e+00 
 2.62500000e-08  1.26589801e-08  1.80000000e+00 
 2.63500000e-08  1.23609938e-08  1.80000000e+00 
 2.64500000e-08  1.26589564e-08  1.80000000e+00 
 2.65500000e-08  1.23610176e-08  1.80000000e+00 
 2.66500000e-08  1.26589327e-08  1.80000000e+00 
 2.67500000e-08  1.23610413e-08  1.80000000e+00 
 2.68500000e-08  1.26589090e-08  1.80000000e+00 
 2.69500000e-08  1.23610652e-08  1.80000000e+00 
 2.70500000e-08  1.26588852e-08  1.80000000e+00 
 2.71500000e-08  1.23610887e-08  1.80000000e+00 
 2.72500000e-08  1.26588615e-08  1.80000000e+00 
 2.73500000e-08  1.23611126e-08  1.80000000e+00 
 2.74500000e-08  1.26588377e-08  1.80000000e+00 
 2.75500000e-08  1.23611362e-08  1.80000000e+00 
 2.76500000e-08  1.26588140e-08  1.80000000e+00 
 2.77500000e-08  1.23611599e-08  1.80000000e+00 
 2.78500000e-08  1.26587903e-08  1.80000000e+00 
 2.79500000e-08  1.23611838e-08  1.80000000e+00 
 2.80500000e-08  1.26587665e-08  1.80000000e+00 
 2.81500000e-08  1.23612075e-08  1.80000000e+00 
 2.82500000e-08  1.26587427e-08  1.80000000e+00 
 2.83500000e-08  1.23612312e-08  1.80000000e+00 
 2.84500000e-08  1.26587190e-08  1.80000000e+00 
 2.85500000e-08  1.23612549e-08  1.80000000e+00 
 2.86500000e-08  1.26586954e-08  1.80000000e+00 
 2.87500000e-08  1.23612788e-08  1.80000000e+00 
 2.88500000e-08  1.26586716e-08  1.80000000e+00 
 2.89500000e-08  1.23613024e-08  1.80000000e+00 
 2.90500000e-08  1.26586479e-08  1.80000000e+00 
 2.91500000e-08  1.23613262e-08  1.80000000e+00 
 2.92500000e-08  1.26586242e-08  1.80000000e+00 
 2.93500000e-08  1.23613499e-08  1.80000000e+00 
 2.94500000e-08  1.26586005e-08  1.80000000e+00 
 2.95500000e-08  1.23613735e-08  1.80000000e+00 
 2.96500000e-08  1.26585768e-08  1.80000000e+00 
 2.97500000e-08  1.23613971e-08  1.80000000e+00 
 2.98500000e-08  1.26585531e-08  1.80000000e+00 
 2.99500000e-08  1.23614209e-08  1.80000000e+00 
 3.00500000e-08  1.26585294e-08  1.80000000e+00 
 3.01500000e-08  1.23614446e-08  1.80000000e+00 
 3.02500000e-08  1.26585057e-08  1.80000000e+00 
 3.03500000e-08  1.23614683e-08  1.80000000e+00 
 3.04500000e-08  1.26584819e-08  1.80000000e+00 
 3.05500000e-08  1.23614920e-08  1.80000000e+00 
 3.06500000e-08  1.26584583e-08  1.80000000e+00 
 3.07500000e-08  1.23615156e-08  1.80000000e+00 
 3.08500000e-08  1.26584347e-08  1.80000000e+00 
 3.09500000e-08  1.23615395e-08  1.80000000e+00 
 3.10000000e-08  1.26583992e-08  1.80000000e+00 
 3.10100000e-08 -1.28219680e-03  1.78200000e+00 
 3.10300000e-08 -2.71961422e-03  1.74600000e+00 
 3.10700000e-08 -3.03879145e-03  1.67400000e+00 
 3.11500000e-08 -3.29575793e-03  1.53000000e+00 
 3.12500000e-08 -3.99117897e-03  1.35000000e+00 
 3.13500000e-08 -5.89816259e-03  1.17000000e+00 
 3.14500000e-08 -6.97582558e-03  9.90000000e-01 
 3.15500000e-08  3.01640864e-02  8.10000000e-01 
 3.16500000e-08  2.55419840e-01  6.30000000e-01 
 3.17500000e-08  7.87719073e-01  4.50000000e-01 
 3.18500000e-08  1.47394238e+00  2.70000000e-01 
 3.19500000e-08  1.78493060e+00  9.00000000e-02 
 3.20000000e-08  1.78875744e+00  0.00000000e+00 
 3.20100000e-08  1.79153426e+00  0.00000000e+00 
 3.20300000e-08  1.79571658e+00  0.00000000e+00 
 3.20700000e-08  1.79911307e+00  0.00000000e+00 
 3.21500000e-08  1.80012303e+00  0.00000000e+00 
 3.22500000e-08  1.79996807e+00  0.00000000e+00 
 3.23500000e-08  1.80000788e+00  0.00000000e+00 
 3.24500000e-08  1.79999792e+00  0.00000000e+00 
 3.25500000e-08  1.80000047e+00  0.00000000e+00 
 3.26500000e-08  1.79999983e+00  0.00000000e+00 
 3.27500000e-08  1.80000000e+00  0.00000000e+00 
 3.28500000e-08  1.79999996e+00  0.00000000e+00 
 3.29500000e-08  1.79999997e+00  0.00000000e+00 
 3.30500000e-08  1.79999997e+00  0.00000000e+00 
 3.31500000e-08  1.79999997e+00  0.00000000e+00 
 3.32500000e-08  1.79999997e+00  0.00000000e+00 
 3.33500000e-08  1.79999997e+00  0.00000000e+00 
 3.34500000e-08  1.79999997e+00  0.00000000e+00 
 3.35500000e-08  1.79999997e+00  0.00000000e+00 
 3.36500000e-08  1.79999997e+00  0.00000000e+00 
 3.37500000e-08  1.79999997e+00  0.00000000e+00 
 3.38500000e-08  1.79999997e+00  0.00000000e+00 
 3.39500000e-08  1.79999997e+00  0.00000000e+00 
 3.40500000e-08  1.79999997e+00  0.00000000e+00 
 3.41500000e-08  1.79999997e+00  0.00000000e+00 
 3.42500000e-08  1.79999997e+00  0.00000000e+00 
 3.43500000e-08  1.79999997e+00  0.00000000e+00 
 3.44500000e-08  1.79999997e+00  0.00000000e+00 
 3.45500000e-08  1.79999997e+00  0.00000000e+00 
 3.46500000e-08  1.79999997e+00  0.00000000e+00 
 3.47500000e-08  1.79999997e+00  0.00000000e+00 
 3.48500000e-08  1.79999997e+00  0.00000000e+00 
 3.49500000e-08  1.79999997e+00  0.00000000e+00 
 3.50500000e-08  1.79999997e+00  0.00000000e+00 
 3.51500000e-08  1.79999997e+00  0.00000000e+00 
 3.52500000e-08  1.79999997e+00  0.00000000e+00 
 3.53500000e-08  1.79999997e+00  0.00000000e+00 
 3.54500000e-08  1.79999997e+00  0.00000000e+00 
 3.55500000e-08  1.79999997e+00  0.00000000e+00 
 3.56500000e-08  1.79999997e+00  0.00000000e+00 
 3.57500000e-08  1.79999997e+00  0.00000000e+00 
 3.58500000e-08  1.79999997e+00  0.00000000e+00 
 3.59500000e-08  1.79999997e+00  0.00000000e+00 
 3.60500000e-08  1.79999997e+00  0.00000000e+00 
 3.61500000e-08  1.79999997e+00  0.00000000e+00 
 3.62500000e-08  1.79999997e+00  0.00000000e+00 
 3.63500000e-08  1.79999997e+00  0.00000000e+00 
 3.64500000e-08  1.79999997e+00  0.00000000e+00 
 3.65500000e-08  1.79999997e+00  0.00000000e+00 
 3.66500000e-08  1.79999997e+00  0.00000000e+00 
 3.67500000e-08  1.79999997e+00  0.00000000e+00 
 3.68500000e-08  1.79999997e+00  0.00000000e+00 
 3.69500000e-08  1.79999997e+00  0.00000000e+00 
 3.70500000e-08  1.79999997e+00  0.00000000e+00 
 3.71500000e-08  1.79999997e+00  0.00000000e+00 
 3.72500000e-08  1.79999997e+00  0.00000000e+00 
 3.73500000e-08  1.79999997e+00  0.00000000e+00 
 3.74500000e-08  1.79999997e+00  0.00000000e+00 
 3.75500000e-08  1.79999997e+00  0.00000000e+00 
 3.76500000e-08  1.79999997e+00  0.00000000e+00 
 3.77500000e-08  1.79999997e+00  0.00000000e+00 
 3.78500000e-08  1.79999997e+00  0.00000000e+00 
 3.79500000e-08  1.79999997e+00  0.00000000e+00 
 3.80500000e-08  1.79999997e+00  0.00000000e+00 
 3.81500000e-08  1.79999997e+00  0.00000000e+00 
 3.82500000e-08  1.79999997e+00  0.00000000e+00 
 3.83500000e-08  1.79999997e+00  0.00000000e+00 
 3.84500000e-08  1.79999997e+00  0.00000000e+00 
 3.85500000e-08  1.79999997e+00  0.00000000e+00 
 3.86500000e-08  1.79999997e+00  0.00000000e+00 
 3.87500000e-08  1.79999997e+00  0.00000000e+00 
 3.88500000e-08  1.79999997e+00  0.00000000e+00 
 3.89500000e-08  1.79999997e+00  0.00000000e+00 
 3.90500000e-08  1.79999997e+00  0.00000000e+00 
 3.91500000e-08  1.79999997e+00  0.00000000e+00 
 3.92500000e-08  1.79999997e+00  0.00000000e+00 
 3.93500000e-08  1.79999997e+00  0.00000000e+00 
 3.94500000e-08  1.79999997e+00  0.00000000e+00 
 3.95500000e-08  1.79999997e+00  0.00000000e+00 
 3.96500000e-08  1.79999997e+00  0.00000000e+00 
 3.97500000e-08  1.79999997e+00  0.00000000e+00 
 3.98500000e-08  1.79999997e+00  0.00000000e+00 
 3.99500000e-08  1.79999997e+00  0.00000000e+00 
 4.00000000e-08  1.79999997e+00  0.00000000e+00 
 4.00100000e-08  1.80261365e+00  1.80000000e-02 
 4.00300000e-08  1.80656124e+00  5.40000000e-02 
 4.00700000e-08  1.81000408e+00  1.26000000e-01 
 4.01500000e-08  1.81226899e+00  2.70000000e-01 
 4.02500000e-08  1.81471930e+00  4.50000000e-01 
 4.03500000e-08  1.81292531e+00  6.30000000e-01 
 4.04500000e-08  1.74205366e+00  8.10000000e-01 
 4.05500000e-08  1.36966611e+00  9.90000000e-01 
 4.06500000e-08  5.62731834e-01  1.17000000e+00 
 4.07500000e-08  2.25775981e-02  1.35000000e+00 
 4.08500000e-08 -3.85847611e-03  1.53000000e+00 
 4.09500000e-08  6.67819978e-03  1.71000000e+00 
 4.10000000e-08  1.78150012e-03  1.80000000e+00 
 4.10100000e-08  9.86426283e-04  1.80000000e+00 
 4.10300000e-08  1.06093727e-04  1.80000000e+00 
 4.10700000e-08 -2.50546448e-05  1.80000000e+00 
 4.11500000e-08  1.33454589e-05  1.80000000e+00 
 4.12500000e-08 -8.05531820e-06  1.80000000e+00 
 4.13500000e-08  4.90879611e-06  1.80000000e+00 
 4.14500000e-08 -2.93693985e-06  1.80000000e+00 
 4.15500000e-08  1.82387353e-06  1.80000000e+00 
 4.16500000e-08 -1.07035295e-06  1.80000000e+00 
 4.17500000e-08  6.77472984e-07  1.80000000e+00 
 4.18500000e-08 -3.84941312e-07  1.80000000e+00 
 4.19500000e-08  2.56506639e-07  1.80000000e+00 
 4.20500000e-08 -1.33253559e-07  1.80000000e+00 
 4.21500000e-08  1.01923950e-07  1.80000000e+00 
 4.22500000e-08 -4.08315553e-08  1.80000000e+00 
 4.23500000e-08  4.51596687e-08  1.80000000e+00 
 4.24500000e-08 -6.89330318e-09  1.80000000e+00 
 4.25500000e-08  2.43152689e-08  1.80000000e+00 
 4.26500000e-08  5.56914390e-09  1.80000000e+00 
 4.27500000e-08  1.66316831e-08  1.80000000e+00 
 4.28500000e-08  1.00864981e-08  1.80000000e+00 
 4.29500000e-08  1.39104754e-08  1.80000000e+00 
 4.30500000e-08  1.17257221e-08  1.80000000e+00 
 4.31500000e-08  1.29230296e-08  1.80000000e+00 
 4.32500000e-08  1.23205420e-08  1.80000000e+00 
 4.33500000e-08  1.25647243e-08  1.80000000e+00 
 4.34500000e-08  1.25363727e-08  1.80000000e+00 
 4.35500000e-08  1.24347191e-08  1.80000000e+00 
 4.36500000e-08  1.26146773e-08  1.80000000e+00 
 4.37500000e-08  1.23875585e-08  1.80000000e+00 
 4.38500000e-08  1.26430771e-08  1.80000000e+00 
 4.39500000e-08  1.23704603e-08  1.80000000e+00 
 4.40500000e-08  1.26533674e-08  1.80000000e+00 
 4.41500000e-08  1.23642709e-08  1.80000000e+00 
 4.42500000e-08  1.26570864e-08  1.80000000e+00 
 4.43500000e-08  1.23620401e-08  1.80000000e+00 
 4.44500000e-08  1.26584207e-08  1.80000000e+00 
 4.45500000e-08  1.23612457e-08  1.80000000e+00 
 4.46500000e-08  1.26588898e-08  1.80000000e+00 
 4.47500000e-08  1.23609726e-08  1.80000000e+00 
 4.48500000e-08  1.26590449e-08  1.80000000e+00 
 4.49500000e-08  1.23608887e-08  1.80000000e+00 
 4.50500000e-08  1.26590860e-08  1.80000000e+00 
 4.51500000e-08  1.23608734e-08  1.80000000e+00 
 4.52500000e-08  1.26590857e-08  1.80000000e+00 
 4.53500000e-08  1.23608829e-08  1.80000000e+00 
 4.54500000e-08  1.26590705e-08  1.80000000e+00 
 4.55500000e-08  1.23609016e-08  1.80000000e+00 
 4.56500000e-08  1.26590497e-08  1.80000000e+00 
 4.57500000e-08  1.23609235e-08  1.80000000e+00 
 4.58500000e-08  1.26590271e-08  1.80000000e+00 
 4.59500000e-08  1.23609467e-08  1.80000000e+00 
 4.60500000e-08  1.26590038e-08  1.80000000e+00 
 4.61500000e-08  1.23609701e-08  1.80000000e+00 
 4.62500000e-08  1.26589801e-08  1.80000000e+00 
 4.63500000e-08  1.23609938e-08  1.80000000e+00 
 4.64500000e-08  1.26589564e-08  1.80000000e+00 
 4.65500000e-08  1.23610176e-08  1.80000000e+00 
 4.66500000e-08  1.26589327e-08  1.80000000e+00 
 4.67500000e-08  1.23610414e-08  1.80000000e+00 
 4.68500000e-08  1.26589090e-08  1.80000000e+00 
 4.69500000e-08  1.23610652e-08  1.80000000e+00 
 4.70500000e-08  1.26588852e-08  1.80000000e+00 
 4.71500000e-08  1.23610887e-08  1.80000000e+00 
 4.72500000e-08  1.26588615e-08  1.80000000e+00 
 4.73500000e-08  1.23611126e-08  1.80000000e+00 
 4.74500000e-08  1.26588377e-08  1.80000000e+00 
 4.75500000e-08  1.23611362e-08  1.80000000e+00 
 4.76500000e-08  1.26588140e-08  1.80000000e+00 
 4.77500000e-08  1.23611599e-08  1.80000000e+00 
 4.78500000e-08  1.26587903e-08  1.80000000e+00 
 4.79500000e-08  1.23611838e-08  1.80000000e+00 
 4.80500000e-08  1.26587665e-08  1.80000000e+00 
 4.81500000e-08  1.23612075e-08  1.80000000e+00 
 4.82500000e-08  1.26587427e-08  1.80000000e+00 
 4.83500000e-08  1.23612312e-08  1.80000000e+00 
 4.84500000e-08  1.26587190e-08  1.80000000e+00 
 4.85500000e-08  1.23612549e-08  1.80000000e+00 
 4.86500000e-08  1.26586954e-08  1.80000000e+00 
 4.87500000e-08  1.23612788e-08  1.80000000e+00 
 4.88500000e-08  1.26586716e-08  1.80000000e+00 
 4.89500000e-08  1.23613024e-08  1.80000000e+00 
 4.90500000e-08  1.26586479e-08  1.80000000e+00 
 4.91500000e-08  1.23613262e-08  1.80000000e+00 
 4.92500000e-08  1.26586242e-08  1.80000000e+00 
 4.93500000e-08  1.23613499e-08  1.80000000e+00 
 4.94500000e-08  1.26586005e-08  1.80000000e+00 
 4.95500000e-08  1.23613735e-08  1.80000000e+00 
 4.96500000e-08  1.26585768e-08  1.80000000e+00 
 4.97500000e-08  1.23613971e-08  1.80000000e+00 
 4.98500000e-08  1.26585531e-08  1.80000000e+00 
 4.99500000e-08  1.23614209e-08  1.80000000e+00 
 5.00000000e-08  1.26585175e-08  1.80000000e+00 
